5.000000000000000000e-01,4.499999999999999833e-02,1.460002920005839752e-04,3.561121083388909918e-03,2.075657195375951378e-03,5.502687105466969042e-02,1.972612273544552863e+01,1.149769065244253241e+01,4.187749594022283617e+01,3.000000000000000000e+00,0.000000000000000000e+00
5.000000000000000000e-01,4.499999999999999833e-02,2.180004360008719756e-04,1.777306920283873784e-02,2.978561271753933995e-02,5.500594656027099627e-02,4.263109863313192704e+01,7.144480107053679774e+01,6.816691789966664317e+01,3.000000000000000000e+00,0.000000000000000000e+00
5.000000000000000000e-01,4.499999999999999833e-02,2.691005382010763954e-03,-5.076851189201619062e-03,-1.807391604139222882e-02,5.504074689222169386e-02,2.913041403778688476e+01,1.037061434240562505e+02,9.658417950765699800e+01,3.000000000000000000e+00,1.000000000000000000e+00
5.000000000000000000e-01,4.499999999999999833e-02,5.802011604023207467e-03,-2.562624052164679585e-03,-6.074399305965436004e-04,5.519212148825129033e-02,2.116309509219617553e+02,5.016463106695294272e+01,2.122006317697494069e+02,3.000000000000000000e+00,1.000000000000000000e+00
5.000000000000000000e-01,0.000000000000000000e+00,4.450008900017799851e-04,-2.559046920543818146e-02,1.770493326869475650e-02,5.500031214572499022e-02,-3.085592048189272063e+01,2.134787012658483363e+01,2.944863472234469626e+01,3.000000000000000000e+00,0.000000000000000000e+00
5.000000000000000000e-01,0.000000000000000000e+00,1.242002484004967912e-03,-1.374302213624643831e-02,1.516080730453762959e-02,5.503364184127239322e-02,5.263034334245164558e+01,-5.805990020798048334e+01,6.217606917270092026e+01,3.000000000000000000e+00,1.000000000000000000e+00
5.000000000000000000e-01,0.000000000000000000e+00,2.047004094008187790e-03,2.607666196326293220e-02,-1.770626860014813675e-03,5.501777225493478113e-02,-2.528606058556866998e+01,1.716944374239437909e+00,4.040679047901755183e+01,3.000000000000000000e+00,1.000000000000000000e+00
5.000000000000000000e-01,0.000000000000000000e+00,2.172804345608691026e-02,2.273554454139910599e-02,-3.956910714582823757e-02,5.500979536592567193e-02,7.709071967644681722e-01,-1.341692494442303207e+00,4.767228794678140247e+01,3.000000000000000000e+00,1.000000000000000000e+00
5.000000000000000000e-01,-4.499999999999999833e-02,5.750011500022999753e-04,-2.658973221951842127e-03,-5.936900741874788327e-03,5.502138446509224901e-02,-2.158418378002891824e+00,-4.819272177639716048e+00,4.740419095944822203e+01,3.000000000000000000e+00,0.000000000000000000e+00
5.000000000000000000e-01,-4.499999999999999833e-02,6.700013400026799118e-04,-3.923992558115974028e-02,-2.993154032292934252e-02,5.501338589742465340e-02,-2.817058761448615556e+01,-2.148803970995403745e+01,3.193311161810735754e+01,3.000000000000000000e+00,0.000000000000000000e+00
5.000000000000000000e-01,-4.499999999999999833e-02,7.700015400030798792e-04,-1.468148180443771059e-02,-9.432305677821743381e-03,5.501365160278879479e-02,-2.818664243844257200e+01,-1.810886878124854960e+01,3.395030978131738664e+01,3.000000000000000000e+00,1.000000000000000000e+00
5.000000000000000000e-01,-4.499999999999999833e-02,9.623019246038491681e-03,-4.857475861785262583e-02,-1.029299930492006895e-02,5.500408663876312637e-02,-4.688070650097922965e+01,-9.934029383965381044e+00,4.630778238691451776e+00,3.000000000000000000e+00,1.000000000000000000e+00
5.999999999999999778e-01,0.000000000000000000e+00,3.880007760015519690e-04,-2.320364112828567776e-03,2.956304371857120059e-03,5.501256057014328182e-02,-2.689675693569851145e+00,3.426832869814283811e+00,6.096431353095501038e+01,3.000000000000000000e+00,0.000000000000000000e+00
5.999999999999999778e-01,0.000000000000000000e+00,2.283004566009131861e-03,-4.769803611872814762e-04,-2.423481675173828908e-04,5.505853332633085101e-02,-2.814563720391272117e-01,-1.430047053299791371e-01,6.111894464991763698e+01,3.000000000000000000e+00,1.000000000000000000e+00
5.999999999999999778e-01,0.000000000000000000e+00,3.672007344014687532e-03,-5.361944849605879138e-03,2.706862478358070673e-02,5.503481304575925936e-02,-3.620342559805447280e+01,1.827652038356979745e+02,1.760062007287905033e+02,3.000000000000000000e+00,1.000000000000000000e+00
5.999999999999999778e-01,0.000000000000000000e+00,4.220408440816881407e-02,-7.603232043448875273e-03,-1.862126797036865386e-02,5.509453797075427456e-02,-8.618459150256683188e+01,-2.110768636436276040e+02,2.196488131425710151e+02,3.000000000000000000e+00,1.000000000000000000e+00
5.999999999999999778e-01,-4.499999999999999833e-02,2.352004704009407615e-03,-1.028672492868208319e-02,-1.840819607524399673e-02,5.500112000668223866e-02,2.542180308063536032e+01,4.549256823128839500e+01,3.193404495214743122e+01,3.000000000000000000e+00,1.000000000000000000e+00
5.999999999999999778e-01,-4.499999999999999833e-02,2.815105630211260299e-02,1.976552558352230593e-02,3.093853525661525300e-02,5.501890069255555710e-02,3.455563445633661246e+01,5.408916198177266210e+01,1.959857784165974337e+01,3.000000000000000000e+00,1.000000000000000000e+00
6.999999999999999556e-01,4.499999999999999833e-02,1.510003020006039790e-04,9.581289599843357055e-03,5.706870914808828051e-06,5.500358994265420326e-02,3.916013535982019533e+01,2.332481814437465176e-02,5.793901261991854312e+01,3.000000000000000000e+00,0.000000000000000000e+00
6.999999999999999556e-01,4.499999999999999833e-02,3.074006148012295783e-03,2.762287624208561304e-02,-1.254951966735474815e-02,5.504145279596350804e-02,-1.324318584098655727e+01,6.016593627446519044e+00,6.840222627020941104e+01,3.000000000000000000e+00,1.000000000000000000e+00
6.999999999999999556e-01,4.499999999999999833e-02,2.047304094608189129e-02,6.549939452125618476e-04,-2.974195555163600211e-03,5.500179883576197110e-02,2.879696373335253329e-02,-1.307612110981180575e-01,6.993159515596805420e+01,3.000000000000000000e+00,1.000000000000000000e+00
6.999999999999999556e-01,4.499999999999999833e-02,3.096706193412386565e-02,-1.634928812983768923e-02,-1.845286130584474459e-03,5.502680548670836613e-02,-1.451217308997418911e+02,-1.637937475619840555e+01,1.282113675456409396e+02,3.000000000000000000e+00,1.000000000000000000e+00
6.999999999999999556e-01,0.000000000000000000e+00,3.196006392012783713e-03,1.220669188381352278e-02,2.606723400551794884e-03,5.506369847275156132e-02,1.200999344689238058e+02,2.564718701550971502e+01,1.009521001883103963e+02,3.000000000000000000e+00,1.000000000000000000e+00
6.999999999999999556e-01,0.000000000000000000e+00,3.662007324014647687e-03,-4.293491499582251236e-02,2.153862057277380144e-04,5.505253172088116209e-02,-1.150248865697556866e+01,5.770309289056621549e-02,6.897923857123157632e+01,3.000000000000000000e+00,1.000000000000000000e+00
6.999999999999999556e-01,0.000000000000000000e+00,3.730007460014919847e-03,1.372628526292565300e-02,4.624933353132859581e-02,5.502964925350044278e-02,2.537529090671990062e+01,8.549948293506596997e+01,5.534998682878465814e+01,3.000000000000000000e+00,1.000000000000000000e+00
6.999999999999999556e-01,0.000000000000000000e+00,4.438008876017751625e-03,3.540122407047591874e-02,-5.170372460815576138e-04,5.501801680719596577e-02,7.217390378836468834e+00,-1.054104693651456565e-01,6.955820651490439843e+01,3.000000000000000000e+00,1.000000000000000000e+00
6.999999999999999556e-01,0.000000000000000000e+00,1.316502633005265863e-02,-1.546246461449861907e-02,1.588683452760079537e-02,5.501700176046796231e-02,-1.036080549645565725e+02,1.064515952654171826e+02,1.310577172823985563e+02,3.000000000000000000e+00,1.000000000000000000e+00
6.999999999999999556e-01,-4.499999999999999833e-02,1.335002670005339901e-03,-2.896235194940435798e-02,4.282824560674069851e-03,5.500962427882475497e-02,-1.292098977070590990e+02,1.910698842237331974e+01,1.103169467635128029e+02,3.000000000000000000e+00,1.000000000000000000e+00
6.999999999999999556e-01,-4.499999999999999833e-02,2.463004926009851672e-03,-1.577533384675261496e-02,-2.628802400732729166e-02,5.502133626386480209e-02,-6.630980362384188531e+00,-1.104986890621944973e+01,6.873409943693670243e+01,3.000000000000000000e+00,1.000000000000000000e+00
1.399999999999999911e+00,0.000000000000000000e+00,3.453506907013813992e-02,-6.274983479670014248e-03,1.090435213787497963e-02,5.501930307327873582e-02,-6.362228418389644702e+00,1.105596202463165056e+01,7.550830310990893679e+01,3.000000000000000000e+00,1.000000000000000000e+00
1.500000000000000000e+00,4.499999999999999833e-02,2.000004000007999782e-03,-1.101082554653778391e-02,8.409461011996688384e-03,5.502364547818201779e-02,-5.028220215953124494e+01,3.840277160606760987e+01,3.115992342703561846e+01,3.000000000000000000e+00,1.000000000000000000e+00
1.500000000000000000e+00,4.499999999999999833e-02,2.159004318008635875e-03,-5.079532299460634559e-03,2.770375256869187994e-02,5.508745159511007489e-02,2.436569169343445651e+01,-1.328904029041436843e+02,1.152368542034476917e+02,3.000000000000000000e+00,1.000000000000000000e+00
1.500000000000000000e+00,0.000000000000000000e+00,8.930017860035719453e-04,1.748921875801197042e-03,-2.043140092129803499e-03,5.509127030015213700e-02,-8.956645366338153735e+01,1.046340690922396419e+02,1.183064853996422414e+02,3.000000000000000000e+00,1.000000000000000000e+00
1.500000000000000000e+00,0.000000000000000000e+00,9.520019040038079630e-04,5.078212598886736560e-03,-9.117474391297048994e-04,5.506978843714192134e-02,1.368819912754226777e+02,-2.457593150702457052e+01,1.198609293971324661e+02,3.000000000000000000e+00,1.000000000000000000e+00
1.500000000000000000e+00,0.000000000000000000e+00,2.236804473608947075e-02,-2.322539326153530079e-02,-4.281269895961508504e-02,5.503232974027604668e-02,-8.732000728605523454e-01,-1.609619756699400606e+00,7.050290912359633921e+01,3.000000000000000000e+00,1.000000000000000000e+00
1.500000000000000000e+00,0.000000000000000000e+00,1.746393492786985358e-01,-2.903090213772987344e-02,4.281470975371590680e-03,5.506270720479903430e-02,1.491286421231415318e+02,-2.199345889484509797e+01,1.332255628122200335e+02,3.000000000000000000e+00,1.000000000000000000e+00
1.500000000000000000e+00,-4.499999999999999833e-02,9.160018320036639357e-04,-1.336072413261698948e-02,-3.860832218027179102e-02,5.500141476544371383e-02,3.661330770499819920e+01,1.058010303879486571e+02,8.695043866038876956e+01,3.000000000000000000e+00,1.000000000000000000e+00
1.500000000000000000e+00,-4.499999999999999833e-02,1.335002670005339901e-03,1.425441912984030425e-02,-2.611339546330227260e-02,5.502308689443939638e-02,6.119417047641262997e+01,-1.121047135729321127e+02,1.064808891611397001e+02,3.000000000000000000e+00,1.000000000000000000e+00
1.500000000000000000e+00,-4.499999999999999833e-02,1.426002852005703835e-03,2.493956583309680369e-02,-1.291801992425146289e-02,5.506583078751705468e-02,9.718630912871103078e+01,-5.033987704882133585e+01,8.369748117078164285e+01,3.000000000000000000e+00,1.000000000000000000e+00
1.600000000000000089e+00,4.499999999999999833e-02,1.410002820005639822e-03,2.511107344284666150e-03,4.395179734557450035e-02,5.503586912044856200e-02,2.495464204851699730e+00,4.367799618937581130e+01,4.429157076144550587e+01,3.000000000000000000e+00,1.000000000000000000e+00
1.600000000000000089e+00,4.499999999999999833e-02,2.628005256010511933e-03,-1.302028576809433329e-03,-8.782412991212571515e-04,5.500328013989224524e-02,1.135429526559669000e+02,7.658672937192044117e+01,1.219909475350116423e+02,3.000000000000000000e+00,1.000000000000000000e+00
1.600000000000000089e+00,4.499999999999999833e-02,4.322008644017287862e-03,-2.604367127101486767e-02,3.520223510966689895e-02,5.501864766679005758e-02,-3.917361024249768064e+01,5.294947181220663168e+01,2.150535680684757622e+01,3.000000000000000000e+00,1.000000000000000000e+00
1.600000000000000089e+00,4.499999999999999833e-02,1.842703685407370492e-02,9.133289975971703792e-03,-1.977010593377489037e-03,5.506373709646789072e-02,-1.332630941409426271e+02,2.884640140805441177e+01,1.213071687946733732e+02,3.000000000000000000e+00,1.000000000000000000e+00
1.600000000000000089e+00,4.499999999999999833e-02,2.038104076208152246e-02,-1.282559629228185137e-03,1.146983695525618727e-03,5.504217321872550278e-02,1.422670101850121327e+01,-1.272283466403976604e+01,5.925764414381188772e+01,3.000000000000000000e+00,1.000000000000000000e+00
1.600000000000000089e+00,0.000000000000000000e+00,1.655003310006619927e-03,4.082202985481139107e-02,-2.582277546491604692e-04,5.511637550489380949e-02,-2.511338386515891443e+02,1.588596341290927194e+00,2.433002067836873437e+02,3.000000000000000000e+00,1.000000000000000000e+00
1.600000000000000089e+00,0.000000000000000000e+00,2.111004222008443839e-03,-8.961597190896890275e-03,1.059020802181336474e-03,5.518396775175058583e-02,2.406617086950842008e+02,-2.843976920269054887e+01,2.342032035884797949e+02,3.000000000000000000e+00,1.000000000000000000e+00
1.600000000000000089e+00,0.000000000000000000e+00,6.194012388024775113e-03,-3.516494873758317652e-02,4.359887192011720550e-03,5.521031820498133874e-02,-2.233665396356464612e+02,2.769385283478563764e+01,2.162956832218447971e+02,3.000000000000000000e+00,1.000000000000000000e+00
1.600000000000000089e+00,0.000000000000000000e+00,7.495014990029979368e-03,2.393190061353807699e-02,1.670755308328538205e-02,5.504158410515250233e-02,1.047209050190734025e+01,7.310869737382737377e+00,6.093130917218044829e+01,3.000000000000000000e+00,1.000000000000000000e+00
1.600000000000000089e+00,-4.499999999999999833e-02,6.860013720027439239e-04,1.243853470762364827e-02,-8.510560704103071333e-03,5.502076923277967463e-02,2.446789930719912931e+01,-1.674116342885406539e+01,5.474297474356067283e+01,3.000000000000000000e+00,1.000000000000000000e+00
1.600000000000000089e+00,-4.499999999999999833e-02,2.196004392008783605e-03,3.115081541267813569e-03,1.271866284216559284e-02,5.501639741490089996e-02,2.292605118216802040e+01,9.360548397380411245e+01,7.356529425989221238e+01,3.000000000000000000e+00,1.000000000000000000e+00
1.600000000000000089e+00,-4.499999999999999833e-02,3.496006992013983832e-03,-3.518858561898986249e-03,-1.680467191845964187e-03,5.501076692321673484e-02,-7.850840853220496740e+00,-3.749250005410313946e+00,6.164450791049672063e+01,3.000000000000000000e+00,1.000000000000000000e+00
1.600000000000000089e+00,-4.499999999999999833e-02,5.973011946023891461e-03,-8.646787904979507527e-03,-6.064457958645594858e-03,5.506345583179722558e-02,1.774214672601301288e+02,1.244352285477836375e+02,2.075735176154309443e+02,3.000000000000000000e+00,1.000000000000000000e+00
1.600000000000000089e+00,-4.499999999999999833e-02,8.059016118032235471e-03,8.749069766711579585e-03,-3.711210111901900449e-02,5.500209056140666769e-02,1.273163705442330595e+00,-5.400549022619315132e+00,6.200766934554457777e+01,3.000000000000000000e+00,1.000000000000000000e+00
1.699999999999999956e+00,4.499999999999999833e-02,2.175004350008699888e-03,-1.027017322347433675e-02,-2.236422005941062635e-02,5.503902970404797590e-02,-4.720404955725010154e+01,-1.027910366283492039e+02,1.004214501286374315e+02,3.000000000000000000e+00,1.000000000000000000e+00
1.699999999999999956e+00,4.499999999999999833e-02,3.550007100014199602e-03,9.873190866863180634e-03,2.083014226410115268e-03,5.501958250027105118e-02,-5.732700538009054725e+01,-1.209466821562118710e+01,2.688707282876569948e+01,3.000000000000000000e+00,1.000000000000000000e+00
1.699999999999999956e+00,4.499999999999999833e-02,4.468008936017871593e-03,1.433413368983421469e-02,1.670827792193370007e-02,5.503341247746796477e-02,4.331243823128625792e+01,5.048622198621370671e+01,4.141345259918203681e+01,3.000000000000000000e+00,1.000000000000000000e+00
1.699999999999999956e+00,0.000000000000000000e+00,2.646005292010583567e-03,6.904386981891282894e-03,1.373642028908344040e-02,5.501820244624756884e-02,1.347906740606893727e+01,2.681688258209242193e+01,4.253141674381956960e+01,3.000000000000000000e+00,1.000000000000000000e+00
1.699999999999999956e+00,-4.499999999999999833e-02,1.845003690007379800e-03,-1.157713882958517036e-02,2.027012232373963038e-02,5.500857255639247934e-02,7.372615763080717954e+01,-1.290852822648001847e+02,1.392436876723330101e+02,3.000000000000000000e+00,1.000000000000000000e+00
1.699999999999999956e+00,-4.499999999999999833e-02,1.601303202606405018e-02,9.087784895627849021e-05,2.251241369033041284e-03,5.501267580222502646e-02,-1.778421967629158162e+00,-4.405536828929935211e+01,2.767153049606740112e+01,3.000000000000000000e+00,1.000000000000000000e+00
1.800000000000000044e+00,4.499999999999999833e-02,3.847007694015387638e-03,-3.469737109197235103e-03,-1.570087151375801002e-02,5.501375159672784038e-02,-1.703444766103634933e+01,-7.708240296499050714e+01,6.734985999894277597e+01,3.000000000000000000e+00,1.000000000000000000e+00
1.800000000000000044e+00,4.499999999999999833e-02,4.998009996019991616e-03,6.329314432076769276e-04,-1.768238310583360780e-03,5.500324232744764619e-02,1.689780007625494018e-01,-4.720785762828020315e-01,4.117783627571567706e+01,3.000000000000000000e+00,1.000000000000000000e+00
1.800000000000000044e+00,4.499999999999999833e-02,5.368010736021471517e-03,-2.219792939018182601e-03,2.889168214021226727e-02,5.506510691247907402e-02,7.077848877677872963e+00,-9.212163730044008503e+01,8.270807936080070988e+01,3.000000000000000000e+00,1.000000000000000000e+00
1.800000000000000044e+00,4.499999999999999833e-02,8.184016368032735050e-03,6.632945384100038567e-03,-1.457632685435420426e-02,5.514518261005980915e-02,8.312915271316273902e+01,-1.826816943159074071e+02,1.964362284733709600e+02,3.000000000000000000e+00,1.000000000000000000e+00
1.800000000000000044e+00,4.499999999999999833e-02,8.528017056034111962e-03,7.439657179385401192e-03,-1.439031982419521592e-02,5.502657596744104512e-02,4.385258947748704372e+01,-8.482283154774728473e+01,8.615159164845387352e+01,3.000000000000000000e+00,1.000000000000000000e+00
1.800000000000000044e+00,4.499999999999999833e-02,1.657503315006629910e-02,2.563068376200318757e-02,3.670306619979803869e-02,5.501325623440896095e-02,-3.435852967061392427e+00,-4.920131670067794616e+00,4.074129147234416592e+01,3.000000000000000000e+00,1.000000000000000000e+00
1.800000000000000044e+00,0.000000000000000000e+00,7.080014160028318864e-04,1.349340336471514801e-02,3.869376066524866237e-02,5.503599135656857266e-02,-6.462905410294777653e+01,-1.853306451966171835e+02,1.919075221848783599e+02,3.000000000000000000e+00,1.000000000000000000e+00
1.800000000000000044e+00,0.000000000000000000e+00,1.411002822005643850e-03,-2.355139210691556233e-03,4.247592457503399782e-02,5.502252903261665995e-02,-3.160822564046322558e+00,5.700676215486653575e+01,3.954612646728292447e+01,3.000000000000000000e+00,1.000000000000000000e+00
1.800000000000000044e+00,0.000000000000000000e+00,1.322302644605289138e-02,-7.519111939417070373e-03,-2.828764770113301533e-02,5.503770946023897603e-02,-6.430535059273327914e-01,-2.419231310188068473e+00,4.110473712545663005e+01,3.000000000000000000e+00,1.000000000000000000e+00
1.800000000000000044e+00,0.000000000000000000e+00,1.448002896005791927e-02,1.695968810787850875e-02,-1.570887966155772725e-02,5.500391870158467811e-02,1.540605658915306719e+01,-1.426983134824308053e+01,3.542443994985784883e+01,3.000000000000000000e+00,1.000000000000000000e+00
1.800000000000000044e+00,-4.499999999999999833e-02,5.170010340020679204e-03,1.376140229015340027e-02,-1.351073851075732402e-03,5.505513038164301653e-02,-8.014886347268334532e+01,7.868895287572222230e+00,6.920906166762439682e+01,3.000000000000000000e+00,1.000000000000000000e+00
1.800000000000000044e+00,-4.499999999999999833e-02,5.221010442020883324e-03,8.160712610691986217e-05,1.008939131690683136e-04,5.516757613833691426e-02,-1.564740908151959218e+02,-1.934547151128881808e+02,2.453833781733276282e+02,3.000000000000000000e+00,1.000000000000000000e+00
1.899999999999999911e+00,4.499999999999999833e-02,5.487010974021947797e-03,6.181068711272584733e-03,-2.604847273333028498e-03,5.501080674916036112e-02,6.882966245675206096e+01,-2.900643350688944722e+01,6.686547612791032691e+01,3.000000000000000000e+00,1.000000000000000000e+00
1.899999999999999911e+00,4.499999999999999833e-02,1.294902589805179555e-02,-5.024696937635036390e-04,1.137054102009292045e-03,5.500493307729963782e-02,-1.483762460600964594e+01,3.357651641915118290e+01,1.548011104309379959e+01,3.000000000000000000e+00,1.000000000000000000e+00
1.899999999999999911e+00,4.499999999999999833e-02,4.403708807417614640e-02,1.363835787835474466e-03,-1.955619493007962340e-02,5.502250362693236058e-02,1.074634464655067401e+00,-1.540930459277070952e+01,2.948393144786611941e+01,3.000000000000000000e+00,1.000000000000000000e+00
1.899999999999999911e+00,0.000000000000000000e+00,1.040702081404162697e-02,-1.988001508573800785e-02,-2.883341700188556470e-02,5.501172963754137613e-02,4.142047946160072769e+01,6.007510314170682619e+01,6.493666464662103976e+01,3.000000000000000000e+00,1.000000000000000000e+00
1.899999999999999911e+00,0.000000000000000000e+00,1.886203772407544707e-02,5.190111940786514520e-03,1.017844517075249325e-02,5.501558786636492893e-02,7.420848702696275723e+01,1.455319316858721095e+02,1.599329202077057346e+02,3.000000000000000000e+00,1.000000000000000000e+00
1.899999999999999911e+00,0.000000000000000000e+00,4.856909713819427404e-02,1.068318107831530556e-02,1.887382480200414450e-02,5.501679528123475799e-02,4.422864192447002907e+00,7.813811567855400320e+00,3.205130796091006573e+01,3.000000000000000000e+00,1.000000000000000000e+00
1.899999999999999911e+00,-4.499999999999999833e-02,4.468008936017871940e-02,1.856690839022350631e-02,1.426771058450411120e-02,5.509115584186459469e-02,-8.169251743108216601e+01,-6.277648228399068131e+01,9.750205336961873570e+01,3.000000000000000000e+00,1.000000000000000000e+00
1.899999999999999911e+00,-4.499999999999999833e-02,8.953217906435811946e-02,-1.250568473794849006e-02,2.506192752166219902e-03,5.504258972647010917e-02,1.295284852627948453e+02,-2.595806289439187253e+01,1.278418781261265309e+02,3.000000000000000000e+00,1.000000000000000000e+00
1.899999999999999911e+00,-4.499999999999999833e-02,1.970113940227880278e-01,2.397265855628004372e-02,3.810685989367828836e-03,5.502480001258203829e-02,4.628506103500937030e+01,7.357458213927382751e+00,3.299295902910729694e+01,3.000000000000000000e+00,1.000000000000000000e+00
2.000000000000000000e+00,4.499999999999999833e-02,2.820005640011279970e-04,1.775081216214662375e-02,-8.295206667226986616e-03,5.512074758278881492e-02,1.228904811389278819e+02,-5.742846745098420058e+01,1.311308156672533300e+02,3.000000000000000000e+00,0.000000000000000000e+00
2.000000000000000000e+00,4.499999999999999833e-02,7.103014206028411721e-03,-1.484448197812447343e-02,2.757614134964182090e-02,5.505813087738254535e-02,3.240443829763260908e+01,-6.019673654954099362e+01,5.889725207370167936e+01,3.000000000000000000e+00,1.000000000000000000e+00
2.000000000000000000e+00,4.499999999999999833e-02,7.427014854029707208e-03,9.195689704333967832e-03,-3.164192188528462506e-03,5.502495116381759394e-02,5.162740158869922169e+01,-1.776473827122807236e+01,4.214458577183186350e+01,3.000000000000000000e+00,1.000000000000000000e+00
2.000000000000000000e+00,4.499999999999999833e-02,2.156404312808625490e-02,1.446433817463366883e-02,1.718594049817140715e-02,5.505258125989561518e-02,5.162938259629253679e+01,6.134394028572396707e+01,7.227630141537443365e+01,3.000000000000000000e+00,1.000000000000000000e+00
2.000000000000000000e+00,0.000000000000000000e+00,4.347008694017387258e-03,-6.652519980512673625e-03,-1.088359498781937135e-02,5.502319103487383900e-02,2.793483115359750357e+01,4.570168736351885030e+01,4.079449238176711390e+01,3.000000000000000000e+00,1.000000000000000000e+00
2.000000000000000000e+00,0.000000000000000000e+00,4.234508469016937809e-02,1.054870560309277040e-02,3.295660136721180467e-02,5.504341501698815919e-02,-2.650000216584340507e+01,-8.279214914809180925e+01,7.969932035207590104e+01,3.000000000000000000e+00,1.000000000000000000e+00
2.000000000000000000e+00,-4.499999999999999833e-02,1.367002734005467925e-03,8.428057286161878131e-03,1.300432870997489908e-02,5.503188581803173524e-02,3.794967768097453842e+01,5.855561563532604197e+01,6.053205553882282430e+01,3.000000000000000000e+00,1.000000000000000000e+00
2.000000000000000000e+00,-4.499999999999999833e-02,1.702803405606810941e-02,2.212312152238835386e-03,4.267827754668493401e-02,5.502525139685380401e-02,4.221293881899072509e-01,8.143405609172353010e+00,3.373892651865041614e+01,3.000000000000000000e+00,1.000000000000000000e+00
2.000000000000000000e+00,-4.499999999999999833e-02,4.285008570017139612e-02,-7.824087289402679307e-03,-2.505982385509567326e-03,5.504485708842921793e-02,9.014339499230861463e+01,2.887209097564096183e+01,8.806032527352084571e+01,3.000000000000000000e+00,1.000000000000000000e+00
2.100000000000000089e+00,4.499999999999999833e-02,7.500015000029998911e-05,-5.150085079673251062e-03,-9.990193124607728292e-03,5.507464518361275541e-02,-1.019496195839423649e+02,-1.977630219438031247e+02,2.177211710532562847e+02,3.000000000000000000e+00,0.000000000000000000e+00
2.100000000000000089e+00,0.000000000000000000e+00,4.250008500016999699e-04,1.524067252469233670e-02,-1.109195531406358994e-02,5.501927303753129800e-02,5.496026837333563719e+01,-3.999933991484358131e+01,5.019112308404577760e+01,3.000000000000000000e+00,0.000000000000000000e+00
2.100000000000000089e+00,0.000000000000000000e+00,1.433002866005731813e-03,1.180648121540055218e-03,-3.151648372860050076e-03,5.501086099569552773e-02,-9.834752406190443708e+01,2.625310696130556494e+02,2.765743454198662334e+02,3.000000000000000000e+00,1.000000000000000000e+00
2.100000000000000089e+00,0.000000000000000000e+00,8.752017504035007264e-03,-4.511274975636515167e-03,-3.880164922005896726e-03,5.501981784961833960e-02,6.430372407160758996e+01,5.530787988866150329e+01,7.136176182243266908e+01,3.000000000000000000e+00,1.000000000000000000e+00
2.100000000000000089e+00,0.000000000000000000e+00,2.112904225808451275e-02,7.399847073342801645e-03,4.238057640498171796e-02,5.509993622157217941e-02,4.924301195187267410e+01,2.820257242823003594e+02,2.825985738219390555e+02,3.000000000000000000e+00,1.000000000000000000e+00
2.100000000000000089e+00,-4.499999999999999833e-02,2.153004306008611708e-03,1.614613760614299395e-03,-1.490247460964773223e-02,5.500279309972155167e-02,3.788274399274214943e+00,-3.496480980570287045e+01,2.940306972377667449e+01,3.000000000000000000e+00,1.000000000000000000e+00
2.100000000000000089e+00,-4.499999999999999833e-02,5.663011326022651497e-03,-4.266905736884468725e-02,-3.932858775730143329e-03,5.522967440233524095e-02,2.512426440872172009e+02,2.315733926565541978e+01,2.481082407195422377e+02,3.000000000000000000e+00,1.000000000000000000e+00
2.200000000000000178e+00,4.499999999999999833e-02,7.000014000027999887e-05,1.300462242088693606e-04,-8.687912898134019304e-03,5.511182687937445090e-02,2.246871756594418290e+00,-1.501052893563237376e+02,1.377561378679223765e+02,3.000000000000000000e+00,0.000000000000000000e+00
2.200000000000000178e+00,4.499999999999999833e-02,3.460006920013839913e-04,3.128105309146064772e-02,1.040680295001066707e-02,5.517292994663008238e-02,-2.641408041698343254e+02,-8.787623907723308037e+01,2.719056914018086104e+02,3.000000000000000000e+00,1.000000000000000000e+00
2.200000000000000178e+00,4.499999999999999833e-02,1.107002214004427837e-03,-1.394525195119463801e-04,2.527650226610805959e-04,5.504808252561339821e-02,-1.784568497879729931e-01,3.234624217514955880e-01,5.966369356957969927e+01,3.000000000000000000e+00,1.000000000000000000e+00
2.200000000000000178e+00,4.499999999999999833e-02,6.958813917627834633e-02,5.278547573799400108e-03,-2.561347621659149781e-02,5.500767735068513853e-02,-4.441073792605150672e+00,2.154974192676153066e+01,5.545969970716429032e+01,3.000000000000000000e+00,1.000000000000000000e+00
2.200000000000000178e+00,0.000000000000000000e+00,6.320012640025279372e-04,9.083815858566502907e-03,4.052959562928183310e-03,5.520926684892105835e-02,2.302018995348467740e+02,1.027100289845840280e+02,2.449129882189091632e+02,3.000000000000000000e+00,1.000000000000000000e+00
2.200000000000000178e+00,0.000000000000000000e+00,1.471002942005883787e-03,-2.088118366420841070e-03,-7.828261962692495803e-04,5.507721962433934776e-02,-9.873474879035053675e+01,-3.701521382989240294e+01,8.694126677485242283e+01,3.000000000000000000e+00,1.000000000000000000e+00
2.200000000000000178e+00,0.000000000000000000e+00,3.630007260014519663e-03,-2.124311502908639293e-02,1.036036461400406975e-03,5.515132058221872829e-02,2.765273154908993547e+02,-1.348636398331752950e+01,2.703504122818081896e+02,3.000000000000000000e+00,1.000000000000000000e+00
2.200000000000000178e+00,0.000000000000000000e+00,3.711007422014843751e-03,5.865330388497123557e-03,2.348374551917918954e-02,5.518358717346913411e-02,6.755673633208512285e+01,2.704852240276724160e+02,2.723348604861169520e+02,3.000000000000000000e+00,1.000000000000000000e+00
2.200000000000000178e+00,-4.499999999999999833e-02,6.930013860027719021e-04,-1.107394687063185945e-02,3.307346523627138074e-02,5.502272619042419127e-02,-2.093136742836261632e+01,6.251365128231510226e+01,2.803900736327499033e+01,3.000000000000000000e+00,0.000000000000000000e+00
2.200000000000000178e+00,-4.499999999999999833e-02,2.589005178010355714e-03,3.936629064976153447e-02,-2.652789952336738781e-04,5.508265100038584744e-02,2.175837039613878403e+02,-1.466238891533608646e+00,2.092484773681607351e+02,3.000000000000000000e+00,1.000000000000000000e+00
2.200000000000000178e+00,-4.499999999999999833e-02,2.885005770011539721e-03,2.305692340083530939e-02,3.315037082100644270e-03,5.511188952837919180e-02,2.584345878984977389e+02,3.715674581934298715e+01,2.541833337907884527e+02,3.000000000000000000e+00,1.000000000000000000e+00
2.200000000000000178e+00,-4.499999999999999833e-02,3.907007814015628008e-03,-1.850907362935467809e-04,-3.159202904829423730e-02,5.500127037780977446e-02,-1.261720825710738458e-01,-2.153555697864608831e+01,5.564257966140044687e+01,3.000000000000000000e+00,1.000000000000000000e+00
2.200000000000000178e+00,-4.499999999999999833e-02,4.155008310016619980e-03,-2.250225587799315960e-02,-2.100334660362099953e-02,5.501519906859159148e-02,-3.423132844680520925e+00,-3.195112792108054656e+00,5.948080548314391791e+01,3.000000000000000000e+00,1.000000000000000000e+00
2.200000000000000178e+00,-4.499999999999999833e-02,8.599017198034394904e-03,-3.290685004680958536e-02,3.201511789961179744e-02,5.501548504757149821e-02,-1.486319217921747970e+01,1.446041931407278547e+01,5.594528216619401206e+01,3.000000000000000000e+00,1.000000000000000000e+00
